111111
111111
111110
111111
000000
110111
111111
101001
101111
111101
101101
111111
111111
111111
101101
110111
001100
000000
101111
111111
101111
111000
111111
111111
111110
111111
111111
111111
011101
100100
111111
111111
111100
101001
101101
111111
010111
111111
111111
101101
101101
111111
010111
011100
011011
111111
001000
111110
111111
101000
111001
100001
101111
111110
101111
111111
011100
111100
111111
000000
111111
111100
111111
101000
111010
111111
111111
111111
111111
111011
111111
101111
101101
111111
011100
000001
111111
111110
001001
111111
111101
101101
101110
101101
111111
100000
111111
111111
101001
111111
111111
111111
001101
111111
101110
110000
100000
111111
101111
011001
001101
111111
111111
101111
101001
101010
011101
101111
111111
111111
011111
111111
011001
111101
111101
111111
111111
000101
111110
111110
111111
001101
111111
001101
110001
101001
001000
111101
101101
001101
011000
001100
001001
111111
001001
001101
101111
001101
111111
100111
001000
111101
111111
001111
111111
111101
111110
111111
111111
111111
001101
000000
111111
111110
111101
101101
111101
101111
001000
111111
111110
001001
110011
001011
101100
001100
101111
111111
111010
001010
111101
111111
111111
001001
010001
111101
011111
111111
111111
111111
111111
110111
111111
111111
001101
101011
111111
001111
111111
111111
101111
001111
111111
111111
111111
111111
111100
101101
111111
100001
111111
110001
110111
111111
111111
011001
111011
101111
001101
101111
111111
111111
111101
111111
111011
011111
101111
011111
111111
111111
111111
111111
111111
111111
000010
111111
000110
111111
101110
111111
111001
011101
101111
101110
001001
101101
111111
011000
001000
111011
101111
111111
100010
011111
011111
101011
011111
111111
101110
011111
111111
001000
001101
101101
110111
101111
110011
111111
111111
111111
001111
011000
110101
011111
001001
111101
111111
000000
111111
111111
101001
001001
111111
111111
111111
011100
111110
101111
001001
111111
111111
101011
001000
101100
101101
111011
111111
111111
111101
101101
111111
011100
111111
011101
111100
100011
111111
100000
111111
111111
111111
101111
111110
011110
011111
111111
111100
111111
101111
111111
001000
111110
111111
001111
111111
111111
111111
110011
101101
111111
101111
011101
101000
111101
111111
111111
111101
111111
101100
111111
101011
111101
011111
111111
111110
111111
101111
011000
111111
111111
011101
101111
000000
111111
111111
111111
111111
001000
111111
001001
111011
110011
111111
001001
000111
001111
111111
111101
011001
101111
101111
011010
001000
111111
011111
111111
110111
001111
111111
111111
101111
100100
111110
101111
101100
101101
111111
000000
111111
001111
111110
111111
011000
111111
111111
111111
111111
111111
011101
101110
001100
111111
111111
111011
111111
111111
111111
111111
111111
010011
111101
101001
111101
101111
111111
101111
011010
111111
001101
111101
111111
111110
111101
011100
101111
101111
111111
111111
010111
111111
111111
101111
101011
100000
001100
111110
001101
111111
001000
111111
111111
001011
111111
111011
111111
111111
111101
111111
111101
111111
001000
111111
101111
111111
000000
110101
011000
111011
111101
111111
111111
101111
111111
111111
111100
111111
101011
111101
110101
111110
111111
111111
110101
101111
111110
111111
111111
111111
111110
101001
101101
101000
111111
111111
100111
011110
001011
111101
100101
111110
101111
111111
100111
011001
111111
101010
100111
111111
101101
101111
111111
111110
111111
001100
111111
101101
101110
111111
111100
111111
101101
101110
101111
111111
111110
111001
111111
111101
111111
100000
111111
111110
111101
111001
111111
101011
111101
101110
111111
000101
101101
111111
011110
111111
111011
011101
111111
111110
111111
101111
101111
000000
111111
111111
101001
001000
111111
111011
111111
111111
111100
111011
111111
111111
110111
111110
111111
111111
011001
101100
101011
111111
111111
111011
101111
111111
000000
011001
111111
001000
011010
000101
110111
111111
111111
101111
101111
111101
011101
101111
111101
111111
111111
101101
000001
001111
011000
111101
111001
111101
011111
101011
101111
001000
011011
000100
011001
111111
000000
111111
001101
001000
111111
011101
111101
101111
011101
101000
011111
101100
101111
111111
111111
111111
111111
111111
111101
111111
111111
110111
111111
101011
111111
111111
000000
101101
001011
101010
111101
111111
000001
101111
001000
111111
100111
001011
111111
111111
001001
100111
111111
001001
101111
111111
001111
111111
101011
111111
101100
100000
111111
101111
111100
111111
101101
001100
111010
111111
111111
001111
111111
111111
101001
101101
110101
111101
111010
111111
001001
111111
010000
101111
111111
111111
010000
111101
101101
111111
111110
001000
111111
010000
111110
100101
111100
111111
101111
111111
101101
101000
100101
111111
111111
111111
101110
001111
111110
111111
111011
111101
111010
010111
111100
001101
111100
111111
111101
111111
101111
111111
101110
111101
001101
110111
101101
001000
111111
111111
101001
111111
000000
111101
111110
110111
111101
110111
111111
111111
000001
111111
111000
001100
011000
111101
111111
111111
111111
001101
111111
111111
001111
111111
111101
111101
010101
001001
111101
111111
111101
111111
111111
101111
111111
111111
111111
111111
111111
001001
111111
100001
