5760 2 0 1 9
5761 3 3 3 9
5763 2 4 4 9
5761 2 0 0 9
5769 2 1 1 9
5771 4 3 3 9
5772 3 4 4 9
5773 1 0 0 9
5774 3 3 3 9
5776 1 1 0 9
5777 2 2 2 9
5778 4 4 4 9
5762 1 0 0 9
5765 2 0 0 9
5779 4 4 4 9
5780 2 4 4 9
5781 4 4 4 9
5783 4 3 3 9
5785 4 4 2 9
5784 4 4 4 9
5786 3 3 2 9
5787 0 0 0 9
5788 3 2 2 9
5790 4 2 1 9
5791 1 1 1 9
5792 4 2 3 9
5793 4 4 4 9
5756 4 3 3 9
5782 4 3 4 9
5795 4 4 4 9
5797 4 2 1 9
5798 2 2 1 9
5799 4 2 1 9
5800 3 3 3 9
5801 0 0 0 9
5802 4 4 4 9
5805 4 4 2 9
5794 3 1 1 9
5796 0 0 0 9
5803 4 4 4 9
5804 4 4 4 9
5806 4 4 4 9
5807 2 2 2 9
5808 4 4 3 9
5810 4 4 4 9
5812 4 3 2 9
5813 4 2 3 9
5815 3 3 3 9
5816 1 2 1 9
5817 1 1 0 9
5820 3 4 4 9
5814 2 3 1 9
5818 2 2 3 9
5819 2 3 3 9
5821 2 2 2 9
5822 4 4 4 9
5823 0 1 0 9
5824 4 4 4 9
5825 4 3 3 9
5826 0 1 0 9
5828 2 1 0 9
5827 4 3 3 9
5830 2 2 1 9
5831 4 3 3 9
5832 1 4 1 9
5833 4 4 3 9
5835 2 1 1 9
5836 4 1 1 9
5829 3 2 2 9
5834 2 2 3 9
5837 2 2 2 9
5838 4 2 2 9
5839 2 2 2 9
5840 3 3 2 9
5841 3 3 2 9
5842 2 3 3 9
5843 3 3 2 9
5844 4 2 3 9
5845 4 4 3 9
5846 3 4 2 9
5848 4 2 2 9
5849 3 4 4 9
5850 3 3 1 9
5851 1 1 1 9
5852 3 0 3 9
5853 2 1 0 9
5854 1 3 1 9
5855 3 1 0 9
5856 1 1 1 9
5858 4 3 3 9
5859 0 0 0 9
5860 4 4 4 9
5857 2 0 0 9
5862 4 0 0 9
5863 3 2 3 9
5864 4 3 4 9
5865 4 2 1 9
5866 4 4 4 9
5868 3 4 1 9
5869 3 2 1 9
5870 4 4 2 9
5871 0 0 0 9
5873 2 2 2 9
5874 3 4 3 9
5875 2 1 2 9
5876 2 2 1 9
5877 2 1 1 9
5879 3 3 3 9
5880 4 1 1 9
5881 3 4 4 9
5882 4 4 3 9
5883 3 3 3 9
5884 4 4 4 9
5885 4 2 2 9
5888 4 3 2 9
5889 0 0 0 9
5890 4 4 4 9
5892 3 1 1 9
5893 4 2 3 9
5887 3 2 3 9
5872 3 3 1 9
5878 0 1 1 9
5886 4 4 4 9
5898 2 2 1 9
5902 2 1 0 9
5903 4 4 3 9
5904 3 2 3 9
5906 2 1 1 9
5894 4 4 4 9
5895 4 4 4 9
5896 4 4 4 9
5897 2 1 0 9
5900 2 2 1 9
5905 2 2 0 9
5907 2 4 2 9
5908 2 1 1 9
5910 0 0 0 9
5911 4 4 2 9
5912 3 4 4 9
5913 4 4 2 9
5914 3 2 2 9
5916 4 3 3 9
5891 4 0 2 9
5899 4 4 2 9
5909 4 3 2 9
5915 4 3 2 9
5917 0 1 0 9
5918 3 4 3 9
5919 4 2 2 9
5922 4 2 2 9
5920 3 2 1 9
5921 4 4 4 9
5924 4 4 2 9
5925 4 3 1 9
5926 2 2 1 9
5927 1 1 1 9
5928 4 4 4 9
5929 4 4 4 9
5931 4 4 3 9
5932 1 0 0 9
5934 1 2 1 9
5935 1 0 0 9
5936 4 4 2 9
5939 4 4 2 9
5940 0 0 0 9
5941 2 2 2 1
5943 0 4 4 3
5945 2 0 0 1
5947 3 1 3 2
5950 1 0 0 0
5951 2 0 3 3
5930 4 4 4 4
5933 0 0 0 0
5944 4 3 2 2
5946 3 4 3 2
5948 1 1 1 1
5949 0 0 0 0
5953 3 3 3 3
5954 4 4 4 4
5956 4 4 4 3
5957 4 2 2 2
5958 3 4 3 3
5959 3 4 3 3
5960 4 1 0 1
5962 4 4 4 3
5961 1 2 2 1
5963 3 3 1 2
5964 4 3 2 3
5966 2 1 0 0
5967 1 3 1 1
5969 1 0 0 0
5938 4 4 4 4
5965 4 4 4 3
5970 3 2 2 2
5971 2 2 1 1
5972 4 2 2 2
5973 2 1 2 2
5974 3 3 2 2
5975 3 2 3 3
5976 4 4 4 2
5977 4 4 4 4
5980 4 0 0 1
5981 4 4 4 4
5983 2 1 2 2
5984 3 2 0 1
5985 2 1 1 1
5986 4 4 4 4
5987 0 1 0 0
5988 0 0 0 0
5989 1 2 0 1
5991 2 1 0 1
5993 4 4 3 4
5994 3 2 2 2
5995 4 4 3 4
5996 3 3 4 4
5997 4 4 3 3
5999 3 3 2 2
6000 4 4 2 3
5978 1 0 0 1
5990 2 2 1 0
6001 4 3 3 4
6002 3 2 2 2
6003 4 4 3 3
6004 4 4 4 4
6005 3 3 3 3
6006 2 3 4 2
6008 4 4 4 4
6009 0 0 0 1
6010 4 3 3 3
6011 0 0 0 0
6012 3 2 2 2
6013 2 0 0 0
5968 2 0 1 0
5998 2 2 1 2
6014 4 4 4 2
6017 3 4 4 2
6019 2 0 0 1
6020 2 2 2 1
6015 2 2 1 2
6016 1 3 3 2
6018 3 3 2 2
6021 2 3 2 2
6022 4 1 0 2
6023 4 4 4 3
6025 2 2 0 1
6026 2 1 0 1
6027 3 3 2 3
6028 3 4 4 3
6029 4 4 4 3
6031 4 4 4 4
6032 2 4 3 4
6033 2 4 1 0
6034 1 2 3 3
6035 4 3 2 3
5979 3 4 1 2
6030 4 3 4 4
6039 0 0 0 0
6040 4 4 4 3
6041 3 1 1 2
6042 0 3 1 0
6043 3 1 1 2
5992 1 1 0 1
6007 4 4 2 0
6037 4 4 4 4
6038 4 4 4 4
6044 1 0 0 0
6045 3 2 0 1
6046 3 3 3 4
6047 2 2 2 2
6048 4 4 4 4
6049 1 4 2 2
6050 3 4 4 4
6051 3 3 3 3
6052 1 1 1 1
6053 4 4 3 4
6054 4 4 4 4
6056 2 3 3 2
6057 3 4 4 3
6058 3 4 4 4
6059 3 2 1 1
6060 3 3 3 3
6062 4 4 3 3
6063 4 4 4 4
6064 3 3 3 2
6065 4 4 4 4
6055 4 2 2 2
6061 4 4 4 3
6067 4 1 2 3
6068 4 4 4 1
6069 4 4 4 3
6070 3 1 0 1
6071 4 2 2 2
6073 3 4 4 4
6072 2 2 1 1
6075 2 1 1 2
6076 2 2 4 3
6077 0 0 0 0
6078 4 2 1 2
6079 4 4 4 4
6080 3 2 2 2
6084 4 3 3 3
6081 1 0 0 0
6082 2 2 3 2
6083 3 1 1 4
6086 4 4 4 4
6087 4 3 2 3
6088 4 4 3 3
6089 2 4 2 2
6091 4 3 1 2
6093 3 3 2 1
6092 3 2 2 2
6074 0 0 0 0
6085 3 3 2 3
6090 4 3 4 3
6095 4 4 4 4
6096 4 4 4 4
6097 4 4 4 3
6099 4 4 4 2
6036 1 0 0 1
6066 1 1 2 1
6094 3 2 3 2
6100 2 2 1 1
6101 4 4 3 4
6102 3 2 2 2
6103 4 1 1 3
6105 4 1 2 2
6106 2 2 2 2
6107 3 4 4 4
6109 1 0 1 0
6110 0 0 0 0
6111 3 2 2 2
6113 2 3 2 3
6114 4 3 4 4
6115 2 1 1 1
6116 2 0 1 2
6117 3 3 2 3
6118 2 2 0 0
6021 4 4 4 3
6122 3 3 2 2
6104 4 4 4 4
6108 4 3 3 3
6112 3 0 0 0
6119 4 4 4 4
6120 1 0 0 1
6124 4 1 2 4
6126 4 2 2 4
6127 4 4 4 4
6130 4 3 4 3
6136 4 3 3 3
6128 1 0 0 1
6129 4 3 4 3
6131 3 3 2 2
6132 3 3 3 2
6133 4 4 3 0
6134 4 3 3 4
6135 4 4 4 3
6137 4 4 4 4
6138 4 4 3 4
6139 4 2 2 2
6140 4 3 2 2
6141 2 3 2 2
6144 4 3 3 2
6145 4 2 2 3
6149 4 4 3 4
6152 4 4 3 2
6142 3 3 2 2
6148 4 4 4 4
6153 4 3 4 4
6154 2 1 1 2
6155 4 4 3 4
6159 3 1 0 1
6160 4 4 3 3
6162 0 0 0 0
6143 1 2 2 2
6146 1 1 1 0
6147 3 2 3 3
6150 4 3 4 2
6156 2 1 1 2
6157 1 2 3 3
6158 1 0 0 1
6161 1 0 0 0
6163 4 4 4 4
6164 4 3 3 4
6165 0 0 0 0
6166 1 1 1 0
6167 1 0 0 1
6168 0 0 0 0
6169 4 4 4 4
6170 3 2 2 2
6171 4 0 0 0
6173 4 3 2 4
6174 2 2 1 2
6175 4 4 4 4
6176 4 4 4 3
6177 2 1 1 0
6179 0 4 4 4
6180 2 1 1 1
6182 1 0 0 2
6183 2 2 0 1
6184 4 4 4 4
6185 4 4 4 3
6186 2 1 2 3
6187 3 1 0 3
6172 0 1 0 0
6188 4 4 2 2
6189 0 0 0 0
6200 3 3 3 3
6181 2 3 2 2
6190 2 2 2 2
6191 3 3 2 2
6193 4 4 4 4
6194 2 2 1 0
6195 3 4 4 4
6199 3 4 2 3
6201 4 3 2 2
6202 4 2 4 4
6203 3 1 1 3
6192 4 3 3 3
6197 4 4 3 3
6207 3 2 2 2
6211 1 4 4 3
6215 3 3 3 2
6216 4 2 2 2
6204 2 2 2 1
6206 2 4 2 2
6208 0 0 0 0
6213 4 4 4 4
6205 4 4 4 3
6214 3 4 3 2
6217 4 4 3 4
6219 4 3 2 4
6222 4 4 4 4
6221 0 0 0 1
6225 3 3 2 2
6226 4 4 4 3
6227 4 4 4 3
6229 4 2 2 2
6230 4 2 2 3
6212 4 4 1 1
6223 2 3 2 2
6224 3 2 1 3
6228 3 2 1 0
6232 3 3 2 1
6235 3 2 1 1
6236 4 4 3 3
6237 4 4 4 2
6198 4 4 2 2
6238 3 3 3 2
6239 4 4 2 3
6240 4 3 3 4
6242 3 4 2 3
6243 4 4 1 2
6246 1 0 0 0
6218 4 4 4 4
6247 4 4 4 4
6234 3 4 3 3
6241 0 0 0 0
6248 4 4 4 4
6249 4 3 1 2
6250 3 1 0 3
6251 2 3 1 1
6252 3 3 2 2
6253 4 4 4 4
6254 4 1 0 1
6255 2 1 1 2
6258 2 0 1 2
6259 4 4 4 4
6260 4 4 3 3
6261 4 4 4 3
6262 3 3 1 3
6244 4 4 4 4
6264 4 4 4 4
6263 0 0 1 3
6265 4 3 3 4
6266 2 2 1 1
6267 1 2 1 1
6268 4 4 4 4
6269 2 2 1 2
6270 0 0 0 0
6277 4 3 4 4
6278 3 2 1 2
6279 4 4 4 4
6281 4 4 2 2
6283 4 3 3 3
6280 4 4 4 4
6257 3 3 2 2
6271 4 4 4 3
6272 4 4 3 3
6273 1 0 0 2
6274 4 3 3 3
6275 4 4 4 4
6276 4 2 2 2
6282 4 4 1 0
6284 3 1 0 0
6285 1 2 1 1
6286 4 3 3 3
6287 4 4 3 3
6289 4 4 4 4
6291 4 4 3 3
6293 4 4 4 3
6292 4 3 3 2
6294 3 3 2 2
6245 2 4 3 2
6288 4 4 2 4
6295 3 3 4 4
6296 4 4 4 3
6297 3 3 4 3
6231 4 4 4 4
6298 2 0 0 1
6299 2 2 2 3
6300 0 0 0 0
6301 3 1 1 2
6302 4 4 3 2
6303 4 4 3 2
6304 4 3 3 4
6305 3 4 4 3
6308 1 0 0 1
6309 2 2 2 1
6306 4 2 2 4
6307 4 4 4 4
6310 3 3 2 3
6311 3 4 4 3
6312 4 4 4 4
6313 4 3 3 3
6314 3 1 2 2
6315 4 4 4 3
6317 2 1 1 2
6318 2 1 1 0
6319 4 4 4 4
6320 2 1 2 2
6325 3 3 1 2
6327 4 2 1 2
6328 2 2 2 2
6330 3 4 3 3
6331 4 3 2 3
6332 3 3 1 2
6333 4 3 2 2
6335 1 2 0 2
6338 4 4 4 4
6340 4 2 3 4
6316 0 0 0 0
6321 4 1 2 3
6323 4 4 4 4
6324 2 3 1 2
6345 4 4 4 4
6347 2 1 1 2
6350 4 4 4 4
6326 2 3 3 3
6336 4 3 4 4
6341 4 4 4 4
6344 9 2 2 3
6346 4 9 4 4
6348 2 3 9 2
6349 4 4 3 9
6351 9 2 2 2
6352 4 9 2 3
6354 2 2 9 1
6355 3 3 3 9
6356 9 2 2 4
6357 4 9 1 4
6358 4 4 9 4
6362 2 1 0 9
6196 9 1 1 1
6339 2 9 0 1
6353 4 4 9 4
6361 2 0 0 9
6365 4 4 9 4
6366 3 4 2 9
6322 9 2 4 2
6359 4 9 3 4
6360 1 1 9 0
6364 3 3 3 9
6374 9 2 1 3
6334 4 9 3 3
6337 4 3 9 4
6363 4 4 4 9
6369 9 4 4 3
6372 3 9 1 1
6373 3 3 9 2
6375 4 4 4 9
6377 9 2 1 2
6378 4 9 4 4
6379 4 4 9 4
6380 4 1 1 9
6367 9 4 4 4
6368 1 9 0 0
6370 2 3 9 2
6371 2 3 1 9
6381 9 1 0 0
6384 2 9 0 2
6387 4 4 9 3
6388 4 4 4 9
6389 9 4 4 3
6376 4 9 4 4
6382 3 2 9 3
6383 4 3 3 9
6385 9 3 3 3
6386 4 9 4 4
6390 4 1 9 2
6392 3 2 2 9
6393 9 3 1 3
6396 4 9 4 4
6398 4 4 9 4
6399 4 3 3 9
6290 9 4 3 3
6391 4 9 3 4
6394 1 1 9 1
6395 4 4 4 9
6397 9 1 1 1
6400 4 9 4 4
6401 4 3 9 3
6402 4 3 2 9
6403 9 3 3 3
6405 3 9 1 3
6406 4 4 9 3
6408 4 4 4 9
6409 9 3 3 4
6410 4 9 3 3
6411 4 4 9 4
6412 2 4 2 9
6414 9 4 4 4
6415 1 9 0 1
6416 4 4 9 4
6417 3 3 4 9
6418 9 4 4 3
6420 3 9 2 3
6422 3 3 9 2
6423 2 3 2 9
6404 9 4 4 3
6413 4 9 3 3
6425 2 4 9 3
6428 0 0 0 9
6429 9 2 2 4
6431 4 9 4 4
6432 3 3 9 1
6433 4 2 0 9
6434 9 0 0 0
6435 4 9 1 2
6436 3 2 9 1
6439 2 3 2 9
6442 9 2 2 2
6419 1 9 3 4
6424 4 2 9 2
6440 4 4 3 9
6444 9 2 2 3
6446 3 9 2 3
6447 2 3 9 3
6448 4 2 2 9
6450 9 0 0 0
6451 3 9 1 2
