x	y	x_norm	cutoff_10189	cutoff_13585	cutoff_16981	cutoff_23773	cutoff_30565	cutoff_37356	cutoff_44148
10507.667	0	318.66699	1	1	0	0	0	0	0
16450	0	-531	0	1	1	0	0	0	0
10710	0	521	1	1	0	0	0	0	0
14218	1	633	0	1	1	0	0	0	0
20587	1	-3186	0	0	1	1	0	0	0
17925	1	944	0	0	1	1	0	0	0
21732.666	1	-2040.334	0	0	1	1	0	0	0
21636.334	0	-2136.666	0	0	1	1	0	0	0
10848	1	659	1	1	0	0	0	0	0
18592.666	1	1611.666	0	0	1	1	0	0	0
33209	0	2644	0	0	0	0	1	1	0
14568.667	0	983.66699	0	1	1	0	0	0	0
14794.667	0	1209.667	0	1	1	0	0	0	0
19829.334	0	2848.334	0	0	1	1	0	0	0
16447.334	0	-533.66602	0	1	1	0	0	0	0
48115	1	3967	0	0	0	0	0	0	1
13622.667	1	37.666992	0	1	1	0	0	0	0
14056.667	0	471.66699	0	1	1	0	0	0	0
11514.333	0	1325.333	1	1	0	0	0	0	0
8637	0	-1552	1	0	0	0	0	0	0
7487	1	-2702	1	0	0	0	0	0	0
28751.334	1	-1813.666	0	0	0	1	1	0	0
27433.334	1	-3131.666	0	0	0	1	1	0	0
15938.667	0	-1042.333	0	1	1	0	0	0	0
11133.667	1	944.66699	1	1	0	0	0	0	0
11549.333	1	1360.333	1	1	0	0	0	0	0
19401.666	0	2420.666	0	0	1	1	0	0	0
9412.667	0	-776.33301	1	0	0	0	0	0	0
9690	0	-499	1	0	0	0	0	0	0
38111	0	755	0	0	0	0	0	1	1
16414.666	1	-566.33398	0	1	1	0	0	0	0
14402	1	817	0	1	1	0	0	0	0
12926.333	1	-658.66699	1	1	0	0	0	0	0
15616.333	0	-1364.667	0	1	1	0	0	0	0
14733.667	0	1148.667	0	1	1	0	0	0	0
18347.334	0	1366.334	0	0	1	1	0	0	0
13487.333	0	-97.666992	1	1	0	0	0	0	0
26506	0	2733	0	0	0	1	1	0	0
27300.334	0	-3264.666	0	0	0	1	1	0	0
15904	0	-1077	0	1	1	0	0	0	0
11226	1	1037	1	1	0	0	0	0	0
8220.333	0	-1968.667	1	0	0	0	0	0	0
43966.668	0	-181.33203	0	0	0	0	0	1	1
14492.667	0	907.66699	0	1	1	0	0	0	0
13934.333	0	349.33301	0	1	1	0	0	0	0
15183.333	0	1598.333	0	1	1	0	0	0	0
7104.3335	1	-3084.6665	1	0	0	0	0	0	0
7200	1	-2989	1	0	0	0	0	0	0
13984.333	0	399.33301	0	1	1	0	0	0	0
9985.333	0	-203.66699	1	0	0	0	0	0	0
9543.333	1	-645.66699	1	0	0	0	0	0	0
14296.667	1	711.66699	0	1	1	0	0	0	0
7316	0	-2873	1	0	0	0	0	0	0
8129.6665	1	-2059.3335	1	0	0	0	0	0	0
23425.334	0	-347.66602	0	0	1	1	0	0	0
26372	1	2599	0	0	0	1	1	0	0
13280.333	0	-304.66699	1	1	0	0	0	0	0
13971.333	0	386.33301	0	1	1	0	0	0	0
11934.667	1	-1650.333	1	1	0	0	0	0	0
11934.667	0	-1650.333	1	1	0	0	0	0	0
12300.667	1	-1284.333	1	1	0	0	0	0	0
12289.667	1	-1295.333	1	1	0	0	0	0	0
26185	0	2412	0	0	0	1	1	0	0
16427.666	0	-553.33398	0	1	1	0	0	0	0
17326	1	345	0	0	1	1	0	0	0
15288.667	0	-1692.333	0	1	1	0	0	0	0
12071	1	-1514	1	1	0	0	0	0	0
27419.666	1	-3145.334	0	0	0	1	1	0	0
18990.666	1	2009.666	0	0	1	1	0	0	0
34874.332	1	-2481.668	0	0	0	0	1	1	0
8760	0	-1429	1	0	0	0	0	0	0
12401.667	1	-1183.333	1	1	0	0	0	0	0
49506	1	5358	0	0	0	0	0	0	1
21128.666	0	-2644.334	0	0	1	1	0	0	0
31003.334	1	438.33398	0	0	0	0	1	1	0
33467.332	0	2902.332	0	0	0	0	1	1	0
7086.6665	1	-3102.3335	1	0	0	0	0	0	0
9607.333	0	-581.66699	1	0	0	0	0	0	0
13148.333	0	-436.66699	1	1	0	0	0	0	0
11135	1	946	1	1	0	0	0	0	0
7463	1	-2726	1	0	0	0	0	0	0
14835.333	0	1250.333	0	1	1	0	0	0	0
16376.333	0	-604.66699	0	1	1	0	0	0	0
14227.667	0	642.66699	0	1	1	0	0	0	0
17629	0	648	0	0	1	1	0	0	0
18874.334	0	1893.334	0	0	1	1	0	0	0
10819.333	1	630.33301	1	1	0	0	0	0	0
13450.667	1	-134.33301	1	1	0	0	0	0	0
14726.667	1	1141.667	0	1	1	0	0	0	0
9886.667	1	-302.33301	1	0	0	0	0	0	0
10214.333	0	25.333008	1	1	0	0	0	0	0
15144	1	1559	0	1	1	0	0	0	0
17809.666	1	828.66602	0	0	1	1	0	0	0
37000.332	0	-355.66797	0	0	0	0	1	1	0
11239	1	1050	1	1	0	0	0	0	0
11618	0	1429	1	1	0	0	0	0	0
9176	0	-1013	1	0	0	0	0	0	0
10680.667	0	491.66699	1	1	0	0	0	0	0
22870.666	0	-902.33398	0	0	1	1	0	0	0
18023.666	1	1042.666	0	0	1	1	0	0	0
7081.6665	0	-3107.3335	1	0	0	0	0	0	0
11298	1	1109	1	1	0	0	0	0	0
22249.334	0	-1523.666	0	0	1	1	0	0	0
22857	1	-916	0	0	1	1	0	0	0
11741.667	0	1552.667	1	1	0	0	0	0	0
11741.667	1	1552.667	1	1	0	0	0	0	0
11957.667	1	-1627.333	1	1	0	0	0	0	0
11957.667	1	-1627.333	1	1	0	0	0	0	0
16139.333	1	-841.66699	0	1	1	0	0	0	0
8356.667	0	-1832.333	1	0	0	0	0	0	0
8425.333	0	-1763.667	1	0	0	0	0	0	0
10039.333	0	-149.66699	1	0	0	0	0	0	0
7995.6665	0	-2193.3335	1	0	0	0	0	0	0
7952.6665	1	-2236.3335	1	0	0	0	0	0	0
16593.666	0	-387.33398	0	1	1	0	0	0	0
17787.666	1	806.66602	0	0	1	1	0	0	0
8656	0	-1533	1	0	0	0	0	0	0
9885.333	1	-303.66699	1	0	0	0	0	0	0
12516.333	1	-1068.667	1	1	0	0	0	0	0
25620.334	0	1847.334	0	0	0	1	1	0	0
30042.334	0	-522.66602	0	0	0	1	1	0	0
8997.667	0	-1191.333	1	0	0	0	0	0	0
8185.6665	1	-2003.3335	1	0	0	0	0	0	0
10581.667	1	392.66699	1	1	0	0	0	0	0
19493.334	1	2512.334	0	0	1	1	0	0	0
17138	1	157	0	0	1	1	0	0	0
8937.333	0	-1251.667	1	0	0	0	0	0	0
9014	0	-1175	1	0	0	0	0	0	0
8737	1	-1452	1	0	0	0	0	0	0
13552.667	0	-32.333008	1	1	0	0	0	0	0
30161	1	-404	0	0	0	1	1	0	0
20282.666	0	3301.666	0	0	1	1	0	0	0
11659.667	1	1470.667	1	1	0	0	0	0	0
18873.666	1	1892.666	0	0	1	1	0	0	0
17713.666	1	732.66602	0	0	1	1	0	0	0
24523.666	0	750.66602	0	0	0	1	1	0	0
27219.666	1	-3345.334	0	0	0	1	1	0	0
9695	0	-494	1	0	0	0	0	0	0
9955.333	0	-233.66699	1	0	0	0	0	0	0
20336	0	3355	0	0	1	1	0	0	0
40685	0	3329	0	0	0	0	0	1	1
36276	0	-1080	0	0	0	0	1	1	0
37768.668	0	412.66797	0	0	0	0	0	1	1
19414	0	2433	0	0	1	1	0	0	0
10020.333	0	-168.66699	1	0	0	0	0	0	0
15788.667	1	-1192.333	0	1	1	0	0	0	0
15788.667	1	-1192.333	0	1	1	0	0	0	0
15788.667	0	-1192.333	0	1	1	0	0	0	0
15112	0	1527	0	1	1	0	0	0	0
15112	1	1527	0	1	1	0	0	0	0
14409	1	824	0	1	1	0	0	0	0
14409	1	824	0	1	1	0	0	0	0
11094	1	905	1	1	0	0	0	0	0
12035	1	-1550	1	1	0	0	0	0	0
9964.333	0	-224.66699	1	0	0	0	0	0	0
10956.333	1	767.33301	1	1	0	0	0	0	0
8155	0	-2034	1	0	0	0	0	0	0
9036.667	0	-1152.333	1	0	0	0	0	0	0
36471	0	-885	0	0	0	0	1	1	0
16206	0	-775	0	1	1	0	0	0	0
17278.334	0	297.33398	0	0	1	1	0	0	0
37081	0	-275	0	0	0	0	1	1	0
39939.332	0	2583.332	0	0	0	0	0	1	1
15503	0	-1478	0	1	1	0	0	0	0
7513	0	-2676	1	0	0	0	0	0	0
7577.3335	1	-2611.6665	1	0	0	0	0	0	0
17353.334	1	372.33398	0	0	1	1	0	0	0
18272.334	0	1291.334	0	0	1	1	0	0	0
8469.667	0	-1719.333	1	0	0	0	0	0	0
8816.667	0	-1372.333	1	0	0	0	0	0	0
11013.667	1	824.66699	1	1	0	0	0	0	0
25101.666	1	1328.666	0	0	0	1	1	0	0
21580.666	0	-2192.334	0	0	1	1	0	0	0
23352.334	1	-420.66602	0	0	1	1	0	0	0
11026	0	837	1	1	0	0	0	0	0
26551.666	0	2778.666	0	0	0	1	1	0	0
26551.666	0	2778.666	0	0	0	1	1	0	0
9564.333	0	-624.66699	1	0	0	0	0	0	0
8354.667	1	-1834.333	1	0	0	0	0	0	0
10635	1	446	1	1	0	0	0	0	0
7886	0	-2303	1	0	0	0	0	0	0
7146	0	-3043	1	0	0	0	0	0	0
7200.6665	0	-2988.3335	1	0	0	0	0	0	0
9280	1	-909	1	0	0	0	0	0	0
9473.333	1	-715.66699	1	0	0	0	0	0	0
13872	1	287	0	1	1	0	0	0	0
14588	1	1003	0	1	1	0	0	0	0
19387.666	0	2406.666	0	0	1	1	0	0	0
19542.666	1	2561.666	0	0	1	1	0	0	0
29962.666	0	-602.33398	0	0	0	1	1	0	0
35504.332	1	-1851.668	0	0	0	0	1	1	0
12168	0	-1417	1	1	0	0	0	0	0
13164.667	1	-420.33301	1	1	0	0	0	0	0
10544.667	0	355.66699	1	1	0	0	0	0	0
11197.667	1	1008.667	1	1	0	0	0	0	0
7487	0	-2702	1	0	0	0	0	0	0
13173.667	0	-411.33301	1	1	0	0	0	0	0
13173.667	0	-411.33301	1	1	0	0	0	0	0
15979	1	-1002	0	1	1	0	0	0	0
20980	0	-2793	0	0	1	1	0	0	0
21566.334	0	-2206.666	0	0	1	1	0	0	0
12806	0	-779	1	1	0	0	0	0	0
25786	0	2013	0	0	0	1	1	0	0
26703.666	0	2930.666	0	0	0	1	1	0	0
18109	0	1128	0	0	1	1	0	0	0
10488.667	1	299.66699	1	1	0	0	0	0	0
12661.667	0	-923.33301	1	1	0	0	0	0	0
26692.334	0	2919.334	0	0	0	1	1	0	0
29880	1	-685	0	0	0	1	1	0	0
33219.332	1	2654.332	0	0	0	0	1	1	0
18029	1	1048	0	0	1	1	0	0	0
25654	0	1881	0	0	0	1	1	0	0
10185.333	0	-3.6669922	1	0	0	0	0	0	0
11314	0	1125	1	1	0	0	0	0	0
12024	1	-1561	1	1	0	0	0	0	0
12339	0	-1246	1	1	0	0	0	0	0
20072.666	1	3091.666	0	0	1	1	0	0	0
10602.667	1	413.66699	1	1	0	0	0	0	0
12774	1	-811	1	1	0	0	0	0	0
18227.666	0	1246.666	0	0	1	1	0	0	0
18041.666	1	1060.666	0	0	1	1	0	0	0
20625	0	-3148	0	0	1	1	0	0	0
37708.332	1	352.33203	0	0	0	0	0	1	1
21711.666	0	-2061.334	0	0	1	1	0	0	0
20861.334	0	-2911.666	0	0	1	1	0	0	0
33345	0	2780	0	0	0	0	1	1	0
18181.666	1	1200.666	0	0	1	1	0	0	0
19383.334	1	2402.334	0	0	1	1	0	0	0
26408	0	2635	0	0	0	1	1	0	0
28497.666	0	-2067.334	0	0	0	1	1	0	0
36291	1	-1065	0	0	0	0	1	1	0
7387.3335	0	-2801.6665	1	0	0	0	0	0	0
7696.3335	0	-2492.6665	1	0	0	0	0	0	0
16090	0	-891	0	1	1	0	0	0	0
13923.667	0	338.66699	0	1	1	0	0	0	0
20237	0	3256	0	0	1	1	0	0	0
7449	0	-2740	1	0	0	0	0	0	0
32791.332	0	2226.332	0	0	0	0	1	1	0
38793.332	0	1437.332	0	0	0	0	0	1	1
41539.332	1	-2608.668	0	0	0	0	0	1	1
11414	0	1225	1	1	0	0	0	0	0
10586.667	0	397.66699	1	1	0	0	0	0	0
11604.333	1	1415.333	1	1	0	0	0	0	0
18486.334	0	1505.334	0	0	1	1	0	0	0
27438	1	-3127	0	0	0	1	1	0	0
29131.666	1	-1433.334	0	0	0	1	1	0	0
19875.666	1	2894.666	0	0	1	1	0	0	0
13179.667	1	-405.33301	1	1	0	0	0	0	0
16809	1	-172	0	1	1	0	0	0	0
25032.334	0	1259.334	0	0	0	1	1	0	0
13904.667	1	319.66699	0	1	1	0	0	0	0
8950.333	0	-1238.667	1	0	0	0	0	0	0
18227.666	1	1246.666	0	0	1	1	0	0	0
28150.334	0	-2414.666	0	0	0	1	1	0	0
28524	0	-2041	0	0	0	1	1	0	0
21046.666	1	-2726.334	0	0	1	1	0	0	0
11369.667	0	1180.667	1	1	0	0	0	0	0
9130.667	0	-1058.333	1	0	0	0	0	0	0
9890	0	-299	1	0	0	0	0	0	0
10801.333	1	612.33301	1	1	0	0	0	0	0
8619	1	-1570	1	0	0	0	0	0	0
14810.667	0	1225.667	0	1	1	0	0	0	0
9367.667	0	-821.33301	1	0	0	0	0	0	0
9023.333	0	-1165.667	1	0	0	0	0	0	0
46325	0	2177	0	0	0	0	0	0	1
14858.333	1	1273.333	0	1	1	0	0	0	0
16173.333	1	-807.66699	0	1	1	0	0	0	0
24314.334	1	541.33398	0	0	0	1	1	0	0
26929	1	3156	0	0	0	1	1	0	0
16403	0	-578	0	1	1	0	0	0	0
33160.332	1	2595.332	0	0	0	0	1	1	0
13461.333	0	-123.66699	1	1	0	0	0	0	0
12480.333	0	-1104.667	1	1	0	0	0	0	0
42921.668	0	-1226.332	0	0	0	0	0	1	1
43807.668	0	-340.33203	0	0	0	0	0	1	1
9235	0	-954	1	0	0	0	0	0	0
8421.667	0	-1767.333	1	0	0	0	0	0	0
9719.667	0	-469.33301	1	0	0	0	0	0	0
36864	0	-492	0	0	0	0	1	1	0
36864	1	-492	0	0	0	0	1	1	0
38845.668	1	1489.668	0	0	0	0	0	1	1
13623.667	1	38.666992	0	1	1	0	0	0	0
13513.333	0	-71.666992	1	1	0	0	0	0	0
11328.333	0	1139.333	1	1	0	0	0	0	0
11757.667	0	1568.667	1	1	0	0	0	0	0
16920.334	1	-60.666016	0	1	1	0	0	0	0
11588.667	0	1399.667	1	1	0	0	0	0	0
10343.667	0	154.66699	1	1	0	0	0	0	0
10343.667	1	154.66699	1	1	0	0	0	0	0
13586.333	0	1.3330078	0	1	1	0	0	0	0
12206.667	1	-1378.333	1	1	0	0	0	0	0
20706.334	1	-3066.666	0	0	1	1	0	0	0
15300.333	0	-1680.667	0	1	1	0	0	0	0
9270	1	-919	1	0	0	0	0	0	0
24915.666	0	1142.666	0	0	0	1	1	0	0
27658.334	0	-2906.666	0	0	0	1	1	0	0
6860.6665	0	-3328.3335	1	0	0	0	0	0	0
6921.3335	0	-3267.6665	1	0	0	0	0	0	0
8048.3335	1	-2140.6665	1	0	0	0	0	0	0
14411	0	826	0	1	1	0	0	0	0
14038	0	453	0	1	1	0	0	0	0
13633.333	1	48.333008	0	1	1	0	0	0	0
10923.333	0	734.33301	1	1	0	0	0	0	0
10923.333	0	734.33301	1	1	0	0	0	0	0
14406.667	0	821.66699	0	1	1	0	0	0	0
13994.667	1	409.66699	0	1	1	0	0	0	0
14373.333	0	788.33301	0	1	1	0	0	0	0
25704	0	1931	0	0	0	1	1	0	0
7704.6665	0	-2484.3335	1	0	0	0	0	0	0
7465	0	-2724	1	0	0	0	0	0	0
34709.332	1	-2646.668	0	0	0	0	1	1	0
17991	1	1010	0	0	1	1	0	0	0
7639.3335	0	-2549.6665	1	0	0	0	0	0	0
42083	0	-2065	0	0	0	0	0	1	1
7156.6665	1	-3032.3335	1	0	0	0	0	0	0
11174.333	0	985.33301	1	1	0	0	0	0	0
13817.667	1	232.66699	0	1	1	0	0	0	0
18511	0	1530	0	0	1	1	0	0	0
19063.666	0	2082.666	0	0	1	1	0	0	0
30683	0	118	0	0	0	0	1	1	0
26021	1	2248	0	0	0	1	1	0	0
8173.6665	0	-2015.3335	1	0	0	0	0	0	0
8784.667	1	-1404.333	1	0	0	0	0	0	0
31055.334	0	490.33398	0	0	0	0	1	1	0
17188.334	1	207.33398	0	0	1	1	0	0	0
18791.666	0	1810.666	0	0	1	1	0	0	0
20145	1	3164	0	0	1	1	0	0	0
35494	0	-1862	0	0	0	0	1	1	0
8437.667	0	-1751.333	1	0	0	0	0	0	0
9586	0	-603	1	0	0	0	0	0	0
17979.666	0	998.66602	0	0	1	1	0	0	0
17726.334	1	745.33398	0	0	1	1	0	0	0
9962.667	0	-226.33301	1	0	0	0	0	0	0
18372.334	1	1391.334	0	0	1	1	0	0	0
7744.3335	1	-2444.6665	1	0	0	0	0	0	0
7744.3335	1	-2444.6665	1	0	0	0	0	0	0
8195.667	1	-1993.333	1	0	0	0	0	0	0
9810.333	1	-378.66699	1	0	0	0	0	0	0
25824	0	2051	0	0	0	1	1	0	0
30165.666	0	-399.33398	0	0	0	1	1	0	0
10687.333	1	498.33301	1	1	0	0	0	0	0
11001	1	812	1	1	0	0	0	0	0
12267.667	1	-1317.333	1	1	0	0	0	0	0
7617.6665	1	-2571.3335	1	0	0	0	0	0	0
41273.332	0	-2874.668	0	0	0	0	0	1	1
18061.666	1	1080.666	0	0	1	1	0	0	0
7695.3335	0	-2493.6665	1	0	0	0	0	0	0
10415.667	1	226.66699	1	1	0	0	0	0	0
20569.334	0	-3203.666	0	0	1	1	0	0	0
35420.668	0	-1935.332	0	0	0	0	1	1	0
13922.667	0	337.66699	0	1	1	0	0	0	0
12839	1	-746	1	1	0	0	0	0	0
7024.3335	1	-3164.6665	1	0	0	0	0	0	0
29941.334	1	-623.66602	0	0	0	1	1	0	0
29941.334	0	-623.66602	0	0	0	1	1	0	0
19969.334	1	2988.334	0	0	1	1	0	0	0
12575.333	1	-1009.667	1	1	0	0	0	0	0
8631	1	-1558	1	0	0	0	0	0	0
20499.666	1	-3273.334	0	0	1	1	0	0	0
9756.667	0	-432.33301	1	0	0	0	0	0	0
9546	1	-643	1	0	0	0	0	0	0
15326.667	0	-1654.333	0	1	1	0	0	0	0
16731.666	1	-249.33398	0	1	1	0	0	0	0
8482.667	0	-1706.333	1	0	0	0	0	0	0
19603	1	2622	0	0	1	1	0	0	0
26698	0	2925	0	0	0	1	1	0	0
31572.666	1	1007.666	0	0	0	0	1	1	0
19986.334	0	3005.334	0	0	1	1	0	0	0
16746.334	1	-234.66602	0	1	1	0	0	0	0
17910.666	1	929.66602	0	0	1	1	0	0	0
18202.666	1	1221.666	0	0	1	1	0	0	0
26274.334	1	2501.334	0	0	0	1	1	0	0
18630.334	1	1649.334	0	0	1	1	0	0	0
9146	0	-1043	1	0	0	0	0	0	0
9352	0	-837	1	0	0	0	0	0	0
18105	1	1124	0	0	1	1	0	0	0
18661.666	0	1680.666	0	0	1	1	0	0	0
13882.667	1	297.66699	0	1	1	0	0	0	0
17011.666	1	30.666016	0	0	1	1	0	0	0
31486	1	921	0	0	0	0	1	1	0
13472.667	1	-112.33301	1	1	0	0	0	0	0
27192	1	-3373	0	0	0	1	1	0	0
9763.333	1	-425.66699	1	0	0	0	0	0	0
9549.333	1	-639.66699	1	0	0	0	0	0	0
40115.668	0	2759.668	0	0	0	0	0	1	1
8884.667	0	-1304.333	1	0	0	0	0	0	0
26558.666	0	2785.666	0	0	0	1	1	0	0
26558.666	1	2785.666	0	0	0	1	1	0	0
32913	1	2348	0	0	0	0	1	1	0
19822.334	1	2841.334	0	0	1	1	0	0	0
17130.334	1	149.33398	0	0	1	1	0	0	0
14703	0	1118	0	1	1	0	0	0	0
15429.333	0	-1551.667	0	1	1	0	0	0	0
35777.668	1	-1578.332	0	0	0	0	1	1	0
9306	0	-883	1	0	0	0	0	0	0
18518.666	1	1537.666	0	0	1	1	0	0	0
16694.334	0	-286.66602	0	1	1	0	0	0	0
16936	1	-45	0	1	1	0	0	0	0
29860.334	0	-704.66602	0	0	0	1	1	0	0
41946	0	-2202	0	0	0	0	0	1	1
11500.667	0	1311.667	1	1	0	0	0	0	0
13905.333	1	320.33301	0	1	1	0	0	0	0
9776.667	0	-412.33301	1	0	0	0	0	0	0
10494	1	305	1	1	0	0	0	0	0
10037	0	-152	1	0	0	0	0	0	0
37050.332	0	-305.66797	0	0	0	0	1	1	0
23743	1	-30	0	0	1	1	0	0	0
11183.667	1	994.66699	1	1	0	0	0	0	0
28762.666	0	-1802.334	0	0	0	1	1	0	0
35823	0	-1533	0	0	0	0	1	1	0
35823	1	-1533	0	0	0	0	1	1	0
7183	0	-3006	1	0	0	0	0	0	0
7617	1	-2572	1	0	0	0	0	0	0
12949.667	0	-635.33301	1	1	0	0	0	0	0
13880.333	1	295.33301	0	1	1	0	0	0	0
18180	0	1199	0	0	1	1	0	0	0
18565.334	0	1584.334	0	0	1	1	0	0	0
19609.334	0	2628.334	0	0	1	1	0	0	0
20028.666	1	3047.666	0	0	1	1	0	0	0
31270.666	1	705.66602	0	0	0	0	1	1	0
31270.666	0	705.66602	0	0	0	0	1	1	0
32947	1	2382	0	0	0	0	1	1	0
21823	0	-1950	0	0	1	1	0	0	0
10700	1	511	1	1	0	0	0	0	0
11747.333	1	1558.333	1	1	0	0	0	0	0
19544	0	2563	0	0	1	1	0	0	0
14176	0	591	0	1	1	0	0	0	0
17344.334	0	363.33398	0	0	1	1	0	0	0
17344.334	1	363.33398	0	0	1	1	0	0	0
14307.333	1	722.33301	0	1	1	0	0	0	0
23543	0	-230	0	0	1	1	0	0	0
23167	1	-606	0	0	1	1	0	0	0
23147.334	1	-625.66602	0	0	1	1	0	0	0
23617.334	1	-155.66602	0	0	1	1	0	0	0
11293.667	1	1104.667	1	1	0	0	0	0	0
15098	1	1513	0	1	1	0	0	0	0
21942.666	0	-1830.334	0	0	1	1	0	0	0
18838.666	1	1857.666	0	0	1	1	0	0	0
25702	1	1929	0	0	0	1	1	0	0
10985	1	796	1	1	0	0	0	0	0
7715.3335	0	-2473.6665	1	0	0	0	0	0	0
25433.334	1	1660.334	0	0	0	1	1	0	0
12802.333	1	-782.66699	1	1	0	0	0	0	0
14565.667	1	980.66699	0	1	1	0	0	0	0
10947.667	1	758.66699	1	1	0	0	0	0	0
46575.668	0	2427.668	0	0	0	0	0	0	1
45808.332	1	1660.332	0	0	0	0	0	0	1
14638.667	0	1053.667	0	1	1	0	0	0	0
14496	0	911	0	1	1	0	0	0	0
15188.333	1	1603.333	0	1	1	0	0	0	0
17056.334	1	75.333984	0	0	1	1	0	0	0
19700.334	1	2719.334	0	0	1	1	0	0	0
19349.334	0	2368.334	0	0	1	1	0	0	0
18354.666	1	1373.666	0	0	1	1	0	0	0
40405.668	0	3049.668	0	0	0	0	0	1	1
13081	0	-504	1	1	0	0	0	0	0
37277.668	0	-78.332031	0	0	0	0	1	1	0
9604	0	-585	1	0	0	0	0	0	0
10586.333	1	397.33301	1	1	0	0	0	0	0
17837	0	856	0	0	1	1	0	0	0
20058	0	3077	0	0	1	1	0	0	0
11873.667	1	1684.667	1	1	0	0	0	0	0
12888.333	1	-696.66699	1	1	0	0	0	0	0
7844.3335	0	-2344.6665	1	0	0	0	0	0	0
8377.333	0	-1811.667	1	0	0	0	0	0	0
14126	1	541	0	1	1	0	0	0	0
14126	0	541	0	1	1	0	0	0	0
16722.334	1	-258.66602	0	1	1	0	0	0	0
13026.667	0	-558.33301	1	1	0	0	0	0	0
33727.332	1	3162.332	0	0	0	0	1	1	0
22395	0	-1378	0	0	1	1	0	0	0
22800.666	1	-972.33398	0	0	1	1	0	0	0
7235.3335	1	-2953.6665	1	0	0	0	0	0	0
12071.333	0	-1513.667	1	1	0	0	0	0	0
13016	0	-569	1	1	0	0	0	0	0
13602.667	0	17.666992	0	1	1	0	0	0	0
19847.334	0	2866.334	0	0	1	1	0	0	0
7238.6665	1	-2950.3335	1	0	0	0	0	0	0
11702.667	0	1513.667	1	1	0	0	0	0	0
7524.3335	0	-2664.6665	1	0	0	0	0	0	0
7256.3335	1	-2932.6665	1	0	0	0	0	0	0
7665.6665	1	-2523.3335	1	0	0	0	0	0	0
14552	0	967	0	1	1	0	0	0	0
16411.666	1	-569.33398	0	1	1	0	0	0	0
17840.666	1	859.66602	0	0	1	1	0	0	0
15786.667	0	-1194.333	0	1	1	0	0	0	0
16794	1	-187	0	1	1	0	0	0	0
30792	1	227	0	0	0	0	1	1	0
9399	0	-790	1	0	0	0	0	0	0
7927	0	-2262	1	0	0	0	0	0	0
8455	0	-1734	1	0	0	0	0	0	0
21830.666	1	-1942.334	0	0	1	1	0	0	0
11161.333	1	972.33301	1	1	0	0	0	0	0
15237	1	1652	0	1	1	0	0	0	0
13783.667	0	198.66699	0	1	1	0	0	0	0
14975.333	1	1390.333	0	1	1	0	0	0	0
25843	0	2070	0	0	0	1	1	0	0
40941	0	-3207	0	0	0	0	0	1	1
12251.667	1	-1333.333	1	1	0	0	0	0	0
15198.333	0	1613.333	0	1	1	0	0	0	0
17029.334	1	48.333984	0	0	1	1	0	0	0
17029.334	1	48.333984	0	0	1	1	0	0	0
11905	1	-1680	1	1	0	0	0	0	0
28384.334	0	-2180.666	0	0	0	1	1	0	0
31308.666	1	743.66602	0	0	0	0	1	1	0
17605	1	624	0	0	1	1	0	0	0
40726.332	1	3370.332	0	0	0	0	0	1	1
45375	1	1227	0	0	0	0	0	0	1
7581.6665	0	-2607.3335	1	0	0	0	0	0	0
7271	0	-2918	1	0	0	0	0	0	0
10622.667	0	433.66699	1	1	0	0	0	0	0
12226.333	0	-1358.667	1	1	0	0	0	0	0
13166.667	1	-418.33301	1	1	0	0	0	0	0
31417.666	0	852.66602	0	0	0	0	1	1	0
20638.666	1	-3134.334	0	0	1	1	0	0	0
27148.666	1	3375.666	0	0	0	1	1	0	0
11472	1	1283	1	1	0	0	0	0	0
13661.333	1	76.333008	0	1	1	0	0	0	0
10592.333	0	403.33301	1	1	0	0	0	0	0
30786.666	1	221.66602	0	0	0	0	1	1	0
23164	1	-609	0	0	1	1	0	0	0
26241	1	2468	0	0	0	1	1	0	0
15268	1	1683	0	1	1	0	0	0	0
22103.334	0	-1669.666	0	0	1	1	0	0	0
22103.334	0	-1669.666	0	0	1	1	0	0	0
25002.334	1	1229.334	0	0	0	1	1	0	0
9726.333	0	-462.66699	1	0	0	0	0	0	0
14534	1	949	0	1	1	0	0	0	0
14084.333	0	499.33301	0	1	1	0	0	0	0
26282	1	2509	0	0	0	1	1	0	0
12760	0	-825	1	1	0	0	0	0	0
16439	1	-542	0	1	1	0	0	0	0
7226	1	-2963	1	0	0	0	0	0	0
7322.3335	1	-2866.6665	1	0	0	0	0	0	0
32729.334	1	2164.334	0	0	0	0	1	1	0
8794	0	-1395	1	0	0	0	0	0	0
10055	0	-134	1	0	0	0	0	0	0
9352.333	0	-836.66699	1	0	0	0	0	0	0
9597.667	0	-591.33301	1	0	0	0	0	0	0
13249.667	0	-335.33301	1	1	0	0	0	0	0
14400.333	1	815.33301	0	1	1	0	0	0	0
16649.334	0	-331.66602	0	1	1	0	0	0	0
14068.667	1	483.66699	0	1	1	0	0	0	0
17128	1	147	0	0	1	1	0	0	0
11802.667	1	1613.667	1	1	0	0	0	0	0
11995	0	-1590	1	1	0	0	0	0	0
12613.667	0	-971.33301	1	1	0	0	0	0	0
42272.332	1	-1875.668	0	0	0	0	0	1	1
47086	0	2938	0	0	0	0	0	0	1
41365.668	1	-2782.332	0	0	0	0	0	1	1
43010	0	-1138	0	0	0	0	0	1	1
14246.333	1	661.33301	0	1	1	0	0	0	0
11670.667	0	1481.667	1	1	0	0	0	0	0
12883.333	1	-701.66699	1	1	0	0	0	0	0
37864.332	0	508.33203	0	0	0	0	0	1	1
14197.333	0	612.33301	0	1	1	0	0	0	0
37467.332	0	111.33203	0	0	0	0	0	1	1
12490.667	0	-1094.333	1	1	0	0	0	0	0
17298.666	1	317.66602	0	0	1	1	0	0	0
16814.334	0	-166.66602	0	1	1	0	0	0	0
16582.666	0	-398.33398	0	1	1	0	0	0	0
20362.334	1	3381.334	0	0	1	1	0	0	0
29335.666	1	-1229.334	0	0	0	1	1	0	0
17211.334	0	230.33398	0	0	1	1	0	0	0
12636.333	0	-948.66699	1	1	0	0	0	0	0
17668	1	687	0	0	1	1	0	0	0
14095.667	0	510.66699	0	1	1	0	0	0	0
13562	0	-23	1	1	0	0	0	0	0
13687.667	1	102.66699	0	1	1	0	0	0	0
13978.333	1	393.33301	0	1	1	0	0	0	0
11021	1	832	1	1	0	0	0	0	0
11080	0	891	1	1	0	0	0	0	0
24020	1	247	0	0	0	1	1	0	0
23702.666	0	-70.333984	0	0	1	1	0	0	0
23702.666	0	-70.333984	0	0	1	1	0	0	0
24020	0	247	0	0	0	1	1	0	0
7617.6665	1	-2571.3335	1	0	0	0	0	0	0
8846.667	0	-1342.333	1	0	0	0	0	0	0
9926.333	0	-262.66699	1	0	0	0	0	0	0
27655	1	-2910	0	0	0	1	1	0	0
10631.333	0	442.33301	1	1	0	0	0	0	0
8829	1	-1360	1	0	0	0	0	0	0
31093.666	0	528.66602	0	0	0	0	1	1	0
11706.333	0	1517.333	1	1	0	0	0	0	0
12874	0	-711	1	1	0	0	0	0	0
22091.666	0	-1681.334	0	0	1	1	0	0	0
10301.333	0	112.33301	1	1	0	0	0	0	0
14581	0	996	0	1	1	0	0	0	0
9660	1	-529	1	0	0	0	0	0	0
9660	0	-529	1	0	0	0	0	0	0
10491.333	0	302.33301	1	1	0	0	0	0	0
41890.332	0	-2257.668	0	0	0	0	0	1	1
45746	1	1598	0	0	0	0	0	0	1
20730	0	-3043	0	0	1	1	0	0	0
6940.6665	0	-3248.3335	1	0	0	0	0	0	0
7761	0	-2428	1	0	0	0	0	0	0
9076.333	0	-1112.667	1	0	0	0	0	0	0
10583.333	0	394.33301	1	1	0	0	0	0	0
19755.666	0	2774.666	0	0	1	1	0	0	0
22961	1	-812	0	0	1	1	0	0	0
23695.334	1	-77.666016	0	0	1	1	0	0	0
33090.332	0	2525.332	0	0	0	0	1	1	0
21832	1	-1941	0	0	1	1	0	0	0
10115.333	0	-73.666992	1	0	0	0	0	0	0
11087	0	898	1	1	0	0	0	0	0
24075.334	0	302.33398	0	0	0	1	1	0	0
26074.666	1	2301.666	0	0	0	1	1	0	0
22392	0	-1381	0	0	1	1	0	0	0
27746.334	1	-2818.666	0	0	0	1	1	0	0
13661	1	76	0	1	1	0	0	0	0
23916.666	0	143.66602	0	0	0	1	1	0	0
7208	1	-2981	1	0	0	0	0	0	0
46845.332	0	2697.332	0	0	0	0	0	0	1
14325.667	0	740.66699	0	1	1	0	0	0	0
33752.332	0	3187.332	0	0	0	0	1	1	0
23121.334	0	-651.66602	0	0	1	1	0	0	0
8048.3335	0	-2140.6665	1	0	0	0	0	0	0
8893.333	1	-1295.667	1	0	0	0	0	0	0
9180	1	-1009	1	0	0	0	0	0	0
7366.6665	0	-2822.3335	1	0	0	0	0	0	0
7520	1	-2669	1	0	0	0	0	0	0
9979	1	-210	1	0	0	0	0	0	0
15854.667	0	-1126.333	0	1	1	0	0	0	0
15854.667	0	-1126.333	0	1	1	0	0	0	0
17199.334	1	218.33398	0	0	1	1	0	0	0
17199.334	1	218.33398	0	0	1	1	0	0	0
9528.667	0	-660.33301	1	0	0	0	0	0	0
17689.334	0	708.33398	0	0	1	1	0	0	0
19393.666	1	2412.666	0	0	1	1	0	0	0
26718	1	2945	0	0	0	1	1	0	0
34174.332	0	-3181.668	0	0	0	0	1	1	0
34658.668	0	-2697.332	0	0	0	0	1	1	0
40830.668	1	-3317.332	0	0	0	0	0	1	1
14510.667	0	925.66699	0	1	1	0	0	0	0
13192.333	0	-392.66699	1	1	0	0	0	0	0
17271.334	1	290.33398	0	0	1	1	0	0	0
13330.333	1	-254.66699	1	1	0	0	0	0	0
15594.333	0	-1386.667	0	1	1	0	0	0	0
13772.667	0	187.66699	0	1	1	0	0	0	0
14542	1	957	0	1	1	0	0	0	0
15598.667	1	-1382.333	0	1	1	0	0	0	0
37951	0	595	0	0	0	0	0	1	1
10756.333	0	567.33301	1	1	0	0	0	0	0
11091.333	1	902.33301	1	1	0	0	0	0	0
13646	0	61	0	1	1	0	0	0	0
10622	0	433	1	1	0	0	0	0	0
30133	1	-432	0	0	0	1	1	0	0
27323	0	-3242	0	0	0	1	1	0	0
14920	1	1335	0	1	1	0	0	0	0
21125.334	1	-2647.666	0	0	1	1	0	0	0
14765	0	1180	0	1	1	0	0	0	0
14504.667	0	919.66699	0	1	1	0	0	0	0
15649.667	1	-1331.333	0	1	1	0	0	0	0
32625	1	2060	0	0	0	0	1	1	0
33519.668	0	2954.668	0	0	0	0	1	1	0
35840.668	1	-1515.332	0	0	0	0	1	1	0
7614.3335	0	-2574.6665	1	0	0	0	0	0	0
15357	0	-1624	0	1	1	0	0	0	0
18379	1	1398	0	0	1	1	0	0	0
19947.334	1	2966.334	0	0	1	1	0	0	0
44892	0	744	0	0	0	0	0	0	1
25038.334	0	1265.334	0	0	0	1	1	0	0
13979.667	1	394.66699	0	1	1	0	0	0	0
11230.333	0	1041.333	1	1	0	0	0	0	0
38478	0	1122	0	0	0	0	0	1	1
41593.668	1	-2554.332	0	0	0	0	0	1	1
7637.6665	1	-2551.3335	1	0	0	0	0	0	0
21508.666	1	-2264.334	0	0	1	1	0	0	0
29611	1	-954	0	0	0	1	1	0	0
29869.666	1	-695.33398	0	0	0	1	1	0	0
41841	1	-2307	0	0	0	0	0	1	1
21882.334	0	-1890.666	0	0	1	1	0	0	0
22982.666	1	-790.33398	0	0	1	1	0	0	0
11325.667	1	1136.667	1	1	0	0	0	0	0
11460.667	0	1271.667	1	1	0	0	0	0	0
15711.667	1	-1269.333	0	1	1	0	0	0	0
16128.667	0	-852.33301	0	1	1	0	0	0	0
12064.333	1	-1520.667	1	1	0	0	0	0	0
10145	0	-44	1	0	0	0	0	0	0
17900.666	1	919.66602	0	0	1	1	0	0	0
18629	1	1648	0	0	1	1	0	0	0
18629	1	1648	0	0	1	1	0	0	0
10112.333	0	-76.666992	1	0	0	0	0	0	0
10509.667	0	320.66699	1	1	0	0	0	0	0
10317.667	1	128.66699	1	1	0	0	0	0	0
9115.333	0	-1073.667	1	0	0	0	0	0	0
9115.333	0	-1073.667	1	0	0	0	0	0	0
8574.333	1	-1614.667	1	0	0	0	0	0	0
32523	1	1958	0	0	0	0	1	1	0
32523	0	1958	0	0	0	0	1	1	0
22324.334	1	-1448.666	0	0	1	1	0	0	0
10355.667	0	166.66699	1	1	0	0	0	0	0
10108	1	-81	1	0	0	0	0	0	0
25793.334	1	2020.334	0	0	0	1	1	0	0
14737.667	1	1152.667	0	1	1	0	0	0	0
7563.3335	0	-2625.6665	1	0	0	0	0	0	0
8189.3335	0	-1999.6665	1	0	0	0	0	0	0
19327	0	2346	0	0	1	1	0	0	0
18556.334	1	1575.334	0	0	1	1	0	0	0
34066.668	0	-3289.332	0	0	0	0	1	1	0
15543.667	1	-1437.333	0	1	1	0	0	0	0
16317	0	-664	0	1	1	0	0	0	0
8546	1	-1643	1	0	0	0	0	0	0
7160.3335	0	-3028.6665	1	0	0	0	0	0	0
20018.334	0	3037.334	0	0	1	1	0	0	0
10209.333	0	20.333008	1	1	0	0	0	0	0
26734.666	1	2961.666	0	0	0	1	1	0	0
16482	0	-499	0	1	1	0	0	0	0
13353.667	0	-231.33301	1	1	0	0	0	0	0
8395	0	-1794	1	0	0	0	0	0	0
11314.667	1	1125.667	1	1	0	0	0	0	0
25356	1	1583	0	0	0	1	1	0	0
26622	1	2849	0	0	0	1	1	0	0
7753.3335	0	-2435.6665	1	0	0	0	0	0	0
9727.667	0	-461.33301	1	0	0	0	0	0	0
12883	1	-702	1	1	0	0	0	0	0
33689	1	3124	0	0	0	0	1	1	0
41400.668	1	-2747.332	0	0	0	0	0	1	1
32096	0	1531	0	0	0	0	1	1	0
16264.667	1	-716.33301	0	1	1	0	0	0	0
24218.666	1	445.66602	0	0	0	1	1	0	0
30658	1	93	0	0	0	0	1	1	0
31331.666	0	766.66602	0	0	0	0	1	1	0
12938	1	-647	1	1	0	0	0	0	0
8970	1	-1219	1	0	0	0	0	0	0
9718	1	-471	1	0	0	0	0	0	0
15987.667	1	-993.33301	0	1	1	0	0	0	0
13401.333	1	-183.66699	1	1	0	0	0	0	0
26852.666	0	3079.666	0	0	0	1	1	0	0
26565	1	2792	0	0	0	1	1	0	0
10687	1	498	1	1	0	0	0	0	0
7756.6665	0	-2432.3335	1	0	0	0	0	0	0
19486.666	0	2505.666	0	0	1	1	0	0	0
20253.334	1	3272.334	0	0	1	1	0	0	0
11501	0	1312	1	1	0	0	0	0	0
12828.667	0	-756.33301	1	1	0	0	0	0	0
14859.333	0	1274.333	0	1	1	0	0	0	0
8796.667	1	-1392.333	1	0	0	0	0	0	0
8593.333	0	-1595.667	1	0	0	0	0	0	0
21320	1	-2453	0	0	1	1	0	0	0
20681.666	1	-3091.334	0	0	1	1	0	0	0
34633.668	0	-2722.332	0	0	0	0	1	1	0
14476.333	0	891.33301	0	1	1	0	0	0	0
14768.667	0	1183.667	0	1	1	0	0	0	0
33919.668	0	3354.668	0	0	0	0	1	1	0
10615	0	426	1	1	0	0	0	0	0
12311.667	1	-1273.333	1	1	0	0	0	0	0
18790.666	1	1809.666	0	0	1	1	0	0	0
7451	1	-2738	1	0	0	0	0	0	0
30490.666	0	-74.333984	0	0	0	1	1	0	0
33220.332	1	2655.332	0	0	0	0	1	1	0
13205.667	0	-379.33301	1	1	0	0	0	0	0
10516.333	0	327.33301	1	1	0	0	0	0	0
12758.667	0	-826.33301	1	1	0	0	0	0	0
11652.333	0	1463.333	1	1	0	0	0	0	0
10902.333	1	713.33301	1	1	0	0	0	0	0
16232	0	-749	0	1	1	0	0	0	0
6884	0	-3305	1	0	0	0	0	0	0
7765.3335	0	-2423.6665	1	0	0	0	0	0	0
32764.666	0	2199.666	0	0	0	0	1	1	0
33370	0	2805	0	0	0	0	1	1	0
23933	0	160	0	0	0	1	1	0	0
16673.666	0	-307.33398	0	1	1	0	0	0	0
14207.333	0	622.33301	0	1	1	0	0	0	0
9439	0	-750	1	0	0	0	0	0	0
9098.333	0	-1090.667	1	0	0	0	0	0	0
15654.333	0	-1326.667	0	1	1	0	0	0	0
15654.333	1	-1326.667	0	1	1	0	0	0	0
14077	1	492	0	1	1	0	0	0	0
19728.334	0	2747.334	0	0	1	1	0	0	0
12134.667	1	-1450.333	1	1	0	0	0	0	0
32888	0	2323	0	0	0	0	1	1	0
32888	0	2323	0	0	0	0	1	1	0
36824.332	1	-531.66797	0	0	0	0	1	1	0
12436.667	1	-1148.333	1	1	0	0	0	0	0
16094.333	1	-886.66699	0	1	1	0	0	0	0
12693.333	1	-891.66699	1	1	0	0	0	0	0
15076.333	0	1491.333	0	1	1	0	0	0	0
14927.667	0	1342.667	0	1	1	0	0	0	0
9807	1	-382	1	0	0	0	0	0	0
10515	0	326	1	1	0	0	0	0	0
10515	0	326	1	1	0	0	0	0	0
10675	1	486	1	1	0	0	0	0	0
36144.668	1	-1211.332	0	0	0	0	1	1	0
19996	1	3015	0	0	1	1	0	0	0
21591.666	0	-2181.334	0	0	1	1	0	0	0
14318.333	0	733.33301	0	1	1	0	0	0	0
9987.667	1	-201.33301	1	0	0	0	0	0	0
8159.3335	0	-2029.6665	1	0	0	0	0	0	0
28092	1	-2473	0	0	0	1	1	0	0
11242.333	0	1053.333	1	1	0	0	0	0	0
12130.333	0	-1454.667	1	1	0	0	0	0	0
12087.667	0	-1497.333	1	1	0	0	0	0	0
11086.333	0	897.33301	1	1	0	0	0	0	0
18810.334	1	1829.334	0	0	1	1	0	0	0
18848.666	0	1867.666	0	0	1	1	0	0	0
28666.334	0	-1898.666	0	0	0	1	1	0	0
29850	0	-715	0	0	0	1	1	0	0
30846	1	281	0	0	0	0	1	1	0
12755.667	1	-829.33301	1	1	0	0	0	0	0
15174.667	1	1589.667	0	1	1	0	0	0	0
31376.334	0	811.33398	0	0	0	0	1	1	0
43694.668	1	-453.33203	0	0	0	0	0	1	1
32158	0	1593	0	0	0	0	1	1	0
34188	1	-3168	0	0	0	0	1	1	0
25332.666	0	1559.666	0	0	0	1	1	0	0
10667.333	0	478.33301	1	1	0	0	0	0	0
39055.332	1	1699.332	0	0	0	0	0	1	1
13878	1	293	0	1	1	0	0	0	0
11206.333	1	1017.333	1	1	0	0	0	0	0
35047.332	0	-2308.668	0	0	0	0	1	1	0
25699	0	1926	0	0	0	1	1	0	0
22712.334	0	-1060.666	0	0	1	1	0	0	0
11316.333	0	1127.333	1	1	0	0	0	0	0
31388	1	823	0	0	0	0	1	1	0
29550.334	1	-1014.666	0	0	0	1	1	0	0
29550.334	0	-1014.666	0	0	0	1	1	0	0
27597.334	1	-2967.666	0	0	0	1	1	0	0
6846	0	-3343	1	0	0	0	0	0	0
27597.334	1	-2967.666	0	0	0	1	1	0	0
23846.334	0	73.333984	0	0	0	1	1	0	0
23809.334	0	36.333984	0	0	0	1	1	0	0
24375.334	1	602.33398	0	0	0	1	1	0	0
34163.668	0	-3192.332	0	0	0	0	1	1	0
9099.667	0	-1089.333	1	0	0	0	0	0	0
11944	1	-1641	1	1	0	0	0	0	0
24946	0	1173	0	0	0	1	1	0	0
29269.666	0	-1295.334	0	0	0	1	1	0	0
16615.334	0	-365.66602	0	1	1	0	0	0	0
16704.666	0	-276.33398	0	1	1	0	0	0	0
12391.333	0	-1193.667	1	1	0	0	0	0	0
17016.334	0	35.333984	0	0	1	1	0	0	0
18488.334	1	1507.334	0	0	1	1	0	0	0
40601.332	1	3245.332	0	0	0	0	0	1	1
18448	1	1467	0	0	1	1	0	0	0
18742.334	1	1761.334	0	0	1	1	0	0	0
6848.3335	1	-3340.6665	1	0	0	0	0	0	0
16543.666	0	-437.33398	0	1	1	0	0	0	0
17739.666	1	758.66602	0	0	1	1	0	0	0
36293.668	0	-1062.332	0	0	0	0	1	1	0
38545.332	0	1189.332	0	0	0	0	0	1	1
38312.668	1	956.66797	0	0	0	0	0	1	1
13038.667	0	-546.33301	1	1	0	0	0	0	0
10901.333	0	712.33301	1	1	0	0	0	0	0
12370.667	0	-1214.333	1	1	0	0	0	0	0
13742.667	0	157.66699	0	1	1	0	0	0	0
9602	1	-587	1	0	0	0	0	0	0
9626.333	1	-562.66699	1	0	0	0	0	0	0
27823	1	-2742	0	0	0	1	1	0	0
28678.334	1	-1886.666	0	0	0	1	1	0	0
27368.666	0	-3196.334	0	0	0	1	1	0	0
25641.334	0	1868.334	0	0	0	1	1	0	0
7468.6665	1	-2720.3335	1	0	0	0	0	0	0
28505.666	0	-2059.334	0	0	0	1	1	0	0
33457.668	0	2892.668	0	0	0	0	1	1	0
29130	0	-1435	0	0	0	1	1	0	0
9065.333	1	-1123.667	1	0	0	0	0	0	0
9338.333	1	-850.66699	1	0	0	0	0	0	0
48483	1	4335	0	0	0	0	0	0	1
13209.333	0	-375.66699	1	1	0	0	0	0	0
15709	0	-1272	0	1	1	0	0	0	0
20586	1	-3187	0	0	1	1	0	0	0
12453.667	0	-1131.333	1	1	0	0	0	0	0
8518	1	-1671	1	0	0	0	0	0	0
9403.667	1	-785.33301	1	0	0	0	0	0	0
7184.3335	0	-3004.6665	1	0	0	0	0	0	0
7869.6665	0	-2319.3335	1	0	0	0	0	0	0
18504.666	1	1523.666	0	0	1	1	0	0	0
10084	1	-105	1	0	0	0	0	0	0
9958	0	-231	1	0	0	0	0	0	0
9391	1	-798	1	0	0	0	0	0	0
9547.667	0	-641.33301	1	0	0	0	0	0	0
28939.334	0	-1625.666	0	0	0	1	1	0	0
32894.668	0	2329.668	0	0	0	0	1	1	0
38479.668	0	1123.668	0	0	0	0	0	1	1
8334.667	0	-1854.333	1	0	0	0	0	0	0
8491.667	1	-1697.333	1	0	0	0	0	0	0
9163.333	0	-1025.667	1	0	0	0	0	0	0
7224	1	-2965	1	0	0	0	0	0	0
10567.333	0	378.33301	1	1	0	0	0	0	0
39811.668	0	2455.668	0	0	0	0	0	1	1
7722.6665	0	-2466.3335	1	0	0	0	0	0	0
7099.6665	1	-3089.3335	1	0	0	0	0	0	0
9466	1	-723	1	0	0	0	0	0	0
14500	0	915	0	1	1	0	0	0	0
7639.3335	1	-2549.6665	1	0	0	0	0	0	0
27495.666	0	-3069.334	0	0	0	1	1	0	0
33352.332	1	2787.332	0	0	0	0	1	1	0
26217.666	1	2444.666	0	0	0	1	1	0	0
14667.333	0	1082.333	0	1	1	0	0	0	0
15147.667	0	1562.667	0	1	1	0	0	0	0
33624.668	0	3059.668	0	0	0	0	1	1	0
33624.668	0	3059.668	0	0	0	0	1	1	0
35617.332	1	-1738.668	0	0	0	0	1	1	0
11705.333	0	1516.333	1	1	0	0	0	0	0
11616.333	1	1427.333	1	1	0	0	0	0	0
11611	1	1422	1	1	0	0	0	0	0
12704.333	1	-880.66699	1	1	0	0	0	0	0
8900	0	-1289	1	0	0	0	0	0	0
9032.333	0	-1156.667	1	0	0	0	0	0	0
8455.333	1	-1733.667	1	0	0	0	0	0	0
25954.666	1	2181.666	0	0	0	1	1	0	0
20694	0	-3079	0	0	1	1	0	0	0
21996.334	1	-1776.666	0	0	1	1	0	0	0
38606	0	1250	0	0	0	0	0	1	1
40691.668	1	3335.668	0	0	0	0	0	1	1
16416.666	1	-564.33398	0	1	1	0	0	0	0
18750.666	0	1769.666	0	0	1	1	0	0	0
15136.667	1	1551.667	0	1	1	0	0	0	0
15745.667	0	-1235.333	0	1	1	0	0	0	0
16065.333	0	-915.66699	0	1	1	0	0	0	0
17703.334	0	722.33398	0	0	1	1	0	0	0
34866	1	-2490	0	0	0	0	1	1	0
12936.333	0	-648.66699	1	1	0	0	0	0	0
12531.333	1	-1053.667	1	1	0	0	0	0	0
11544.333	1	1355.333	1	1	0	0	0	0	0
11461.667	0	1272.667	1	1	0	0	0	0	0
7513.6665	1	-2675.3335	1	0	0	0	0	0	0
15034.333	1	1449.333	0	1	1	0	0	0	0
17297.666	1	316.66602	0	0	1	1	0	0	0
45831.332	0	1683.332	0	0	0	0	0	0	1
48284	0	4136	0	0	0	0	0	0	1
21057.334	1	-2715.666	0	0	1	1	0	0	0
17771.334	1	790.33398	0	0	1	1	0	0	0
42168	0	-1980	0	0	0	0	0	1	1
44703	1	555	0	0	0	0	0	0	1
13514.333	0	-70.666992	1	1	0	0	0	0	0
20171	0	3190	0	0	1	1	0	0	0
7635.6665	0	-2553.3335	1	0	0	0	0	0	0
19094.666	0	2113.666	0	0	1	1	0	0	0
27068.666	0	3295.666	0	0	0	1	1	0	0
13872.667	1	287.66699	0	1	1	0	0	0	0
15677.667	0	-1303.333	0	1	1	0	0	0	0
20014.666	0	3033.666	0	0	1	1	0	0	0
22485.334	0	-1287.666	0	0	1	1	0	0	0
22485.334	0	-1287.666	0	0	1	1	0	0	0
22345	1	-1428	0	0	1	1	0	0	0
6948	0	-3241	1	0	0	0	0	0	0
41426.332	0	-2721.668	0	0	0	0	0	1	1
41426.332	0	-2721.668	0	0	0	0	0	1	1
40768	1	-3380	0	0	0	0	0	1	1
22040	1	-1733	0	0	1	1	0	0	0
31709.334	0	1144.334	0	0	0	0	1	1	0
6849.6665	0	-3339.3335	1	0	0	0	0	0	0
15915	0	-1066	0	1	1	0	0	0	0
48320.332	1	4172.332	0	0	0	0	0	0	1
49786.332	1	5638.332	0	0	0	0	0	0	1
10422.667	1	233.66699	1	1	0	0	0	0	0
8115.6665	0	-2073.3335	1	0	0	0	0	0	0
9713.333	0	-475.66699	1	0	0	0	0	0	0
10272.333	1	83.333008	1	1	0	0	0	0	0
31738	1	1173	0	0	0	0	1	1	0
11808.333	0	1619.333	1	1	0	0	0	0	0
14317.667	0	732.66699	0	1	1	0	0	0	0
14371	0	786	0	1	1	0	0	0	0
16545.334	0	-435.66602	0	1	1	0	0	0	0
12860	1	-725	1	1	0	0	0	0	0
14592.333	1	1007.333	0	1	1	0	0	0	0
39994.668	0	2638.668	0	0	0	0	0	1	1
50202	0	6054	0	0	0	0	0	0	1
7554.3335	0	-2634.6665	1	0	0	0	0	0	0
8212.333	0	-1976.667	1	0	0	0	0	0	0
11416.667	1	1227.667	1	1	0	0	0	0	0
13935	1	350	0	1	1	0	0	0	0
19985.666	1	3004.666	0	0	1	1	0	0	0
15077	0	1492	0	1	1	0	0	0	0
18576	1	1595	0	0	1	1	0	0	0
10314	0	125	1	1	0	0	0	0	0
7376.6665	0	-2812.3335	1	0	0	0	0	0	0
7510.3335	1	-2678.6665	1	0	0	0	0	0	0
36048.668	0	-1307.332	0	0	0	0	1	1	0
37765.668	0	409.66797	0	0	0	0	0	1	1
22404.666	0	-1368.334	0	0	1	1	0	0	0
26788.666	1	3015.666	0	0	0	1	1	0	0
10426	0	237	1	1	0	0	0	0	0
12245	1	-1340	1	1	0	0	0	0	0
15326.333	1	-1654.667	0	1	1	0	0	0	0
20465.666	1	-3307.334	0	0	1	1	0	0	0
26075.334	1	2302.334	0	0	0	1	1	0	0
10535.667	1	346.66699	1	1	0	0	0	0	0
8220.667	0	-1968.333	1	0	0	0	0	0	0
8765	0	-1424	1	0	0	0	0	0	0
11337	1	1148	1	1	0	0	0	0	0
11350	1	1161	1	1	0	0	0	0	0
17279.666	1	298.66602	0	0	1	1	0	0	0
13647.333	1	62.333008	0	1	1	0	0	0	0
11790.333	1	1601.333	1	1	0	0	0	0	0
35445.332	0	-1910.668	0	0	0	0	1	1	0
8736.333	0	-1452.667	1	0	0	0	0	0	0
18898.334	1	1917.334	0	0	1	1	0	0	0
17823.334	0	842.33398	0	0	1	1	0	0	0
24555.666	0	782.66602	0	0	0	1	1	0	0
12791	0	-794	1	1	0	0	0	0	0
14641.333	0	1056.333	0	1	1	0	0	0	0
10118.667	1	-70.333008	1	0	0	0	0	0	0
28130.334	0	-2434.666	0	0	0	1	1	0	0
11293.667	0	1104.667	1	1	0	0	0	0	0
12468.333	0	-1116.667	1	1	0	0	0	0	0
8381.333	1	-1807.667	1	0	0	0	0	0	0
7269.6665	0	-2919.3335	1	0	0	0	0	0	0
30820.334	0	255.33398	0	0	0	0	1	1	0
32051	1	1486	0	0	0	0	1	1	0
12554.667	0	-1030.333	1	1	0	0	0	0	0
15887.333	0	-1093.667	0	1	1	0	0	0	0
36069	0	-1287	0	0	0	0	1	1	0
38146.668	1	790.66797	0	0	0	0	0	1	1
14324	1	739	0	1	1	0	0	0	0
8629	0	-1560	1	0	0	0	0	0	0
9363.667	0	-825.33301	1	0	0	0	0	0	0
17329.334	1	348.33398	0	0	1	1	0	0	0
7816.6665	0	-2372.3335	1	0	0	0	0	0	0
8083.6665	1	-2105.3335	1	0	0	0	0	0	0
11779.333	1	1590.333	1	1	0	0	0	0	0
13403.333	1	-181.66699	1	1	0	0	0	0	0
9836	0	-353	1	0	0	0	0	0	0
10288.667	0	99.666992	1	1	0	0	0	0	0
10288.667	1	99.666992	1	1	0	0	0	0	0
8994.333	0	-1194.667	1	0	0	0	0	0	0
8994.333	1	-1194.667	1	0	0	0	0	0	0
8183	0	-2006	1	0	0	0	0	0	0
8037.6665	0	-2151.3335	1	0	0	0	0	0	0
8007.3335	0	-2181.6665	1	0	0	0	0	0	0
34860	0	-2496	0	0	0	0	1	1	0
37487	1	131	0	0	0	0	0	1	1
12060	0	-1525	1	1	0	0	0	0	0
12009.667	1	-1575.333	1	1	0	0	0	0	0
14333.667	1	748.66699	0	1	1	0	0	0	0
16958.334	1	-22.666016	0	1	1	0	0	0	0
16501	0	-480	0	1	1	0	0	0	0
7700	0	-2489	1	0	0	0	0	0	0
7910.6665	0	-2278.3335	1	0	0	0	0	0	0
36633	0	-723	0	0	0	0	1	1	0
29682	0	-883	0	0	0	1	1	0	0
30796	1	231	0	0	0	0	1	1	0
28239	1	-2326	0	0	0	1	1	0	0
28239	0	-2326	0	0	0	1	1	0	0
29425	0	-1140	0	0	0	1	1	0	0
12849	0	-736	1	1	0	0	0	0	0
11263	1	1074	1	1	0	0	0	0	0
6912	1	-3277	1	0	0	0	0	0	0
9076.333	0	-1112.667	1	0	0	0	0	0	0
12795.667	0	-789.33301	1	1	0	0	0	0	0
17641	0	660	0	0	1	1	0	0	0
24664.334	0	891.33398	0	0	0	1	1	0	0
15786.333	1	-1194.667	0	1	1	0	0	0	0
19429.666	0	2448.666	0	0	1	1	0	0	0
30894.334	1	329.33398	0	0	0	0	1	1	0
26507.334	1	2734.334	0	0	0	1	1	0	0
29683	1	-882	0	0	0	1	1	0	0
18259	0	1278	0	0	1	1	0	0	0
18682.666	1	1701.666	0	0	1	1	0	0	0
18682.666	1	1701.666	0	0	1	1	0	0	0
7607.6665	0	-2581.3335	1	0	0	0	0	0	0
7426	1	-2763	1	0	0	0	0	0	0
49495.332	1	5347.332	0	0	0	0	0	0	1
7717.6665	0	-2471.3335	1	0	0	0	0	0	0
26319.334	1	2546.334	0	0	0	1	1	0	0
25289.666	0	1516.666	0	0	0	1	1	0	0
24419.666	1	646.66602	0	0	0	1	1	0	0
27441.334	1	-3123.666	0	0	0	1	1	0	0
7395.3335	0	-2793.6665	1	0	0	0	0	0	0
9364.667	1	-824.33301	1	0	0	0	0	0	0
32045.334	0	1480.334	0	0	0	0	1	1	0
22284.666	1	-1488.334	0	0	1	1	0	0	0
16224.667	0	-756.33301	0	1	1	0	0	0	0
7935.3335	0	-2253.6665	1	0	0	0	0	0	0
31900.666	0	1335.666	0	0	0	0	1	1	0
34168	1	-3188	0	0	0	0	1	1	0
10210.667	1	21.666992	1	1	0	0	0	0	0
12381.667	0	-1203.333	1	1	0	0	0	0	0
46418.332	0	2270.332	0	0	0	0	0	0	1
10106	0	-83	1	0	0	0	0	0	0
16392.666	0	-588.33398	0	1	1	0	0	0	0
31561.666	0	996.66602	0	0	0	0	1	1	0
31561.666	1	996.66602	0	0	0	0	1	1	0
37497	0	141	0	0	0	0	0	1	1
37497	1	141	0	0	0	0	0	1	1
13309.333	1	-275.66699	1	1	0	0	0	0	0
23995.666	1	222.66602	0	0	0	1	1	0	0
7686.6665	1	-2502.3335	1	0	0	0	0	0	0
13657.333	0	72.333008	0	1	1	0	0	0	0
20770	0	-3003	0	0	1	1	0	0	0
16159.667	0	-821.33301	0	1	1	0	0	0	0
10550.667	1	361.66699	1	1	0	0	0	0	0
13731.333	0	146.33301	0	1	1	0	0	0	0
23723.666	0	-49.333984	0	0	1	1	0	0	0
7761.6665	0	-2427.3335	1	0	0	0	0	0	0
7900	1	-2289	1	0	0	0	0	0	0
15843.333	1	-1137.667	0	1	1	0	0	0	0
11268	1	1079	1	1	0	0	0	0	0
13775.333	1	190.33301	0	1	1	0	0	0	0
29490.666	1	-1074.334	0	0	0	1	1	0	0
42962.668	1	-1185.332	0	0	0	0	0	1	1
11816.333	1	1627.333	1	1	0	0	0	0	0
44281.332	1	133.33203	0	0	0	0	0	0	1
10513	1	324	1	1	0	0	0	0	0
17760.334	0	779.33398	0	0	1	1	0	0	0
18257.666	0	1276.666	0	0	1	1	0	0	0
7571.6665	0	-2617.3335	1	0	0	0	0	0	0
7835	1	-2354	1	0	0	0	0	0	0
7803.3335	0	-2385.6665	1	0	0	0	0	0	0
9459.667	0	-729.33301	1	0	0	0	0	0	0
8765.333	0	-1423.667	1	0	0	0	0	0	0
17518.666	1	537.66602	0	0	1	1	0	0	0
19417.334	0	2436.334	0	0	1	1	0	0	0
11176.667	1	987.66699	1	1	0	0	0	0	0
46380.668	1	2232.668	0	0	0	0	0	0	1
49262.332	0	5114.332	0	0	0	0	0	0	1
13605	0	20	0	1	1	0	0	0	0
13605	0	20	0	1	1	0	0	0	0
18041.334	0	1060.334	0	0	1	1	0	0	0
14233.333	0	648.33301	0	1	1	0	0	0	0
16378.333	1	-602.66699	0	1	1	0	0	0	0
17524.666	0	543.66602	0	0	1	1	0	0	0
12045	0	-1540	1	1	0	0	0	0	0
19758.666	0	2777.666	0	0	1	1	0	0	0
20062	1	3081	0	0	1	1	0	0	0
13026.333	0	-558.66699	1	1	0	0	0	0	0
13340.333	1	-244.66699	1	1	0	0	0	0	0
29542	0	-1023	0	0	0	1	1	0	0
8793.333	0	-1395.667	1	0	0	0	0	0	0
10857.667	1	668.66699	1	1	0	0	0	0	0
7671	1	-2518	1	0	0	0	0	0	0
14890.333	1	1305.333	0	1	1	0	0	0	0
16237	1	-744	0	1	1	0	0	0	0
15044.667	1	1459.667	0	1	1	0	0	0	0
10842.333	0	653.33301	1	1	0	0	0	0	0
7253	0	-2936	1	0	0	0	0	0	0
10204.667	0	15.666992	1	1	0	0	0	0	0
42469	0	-1679	0	0	0	0	0	1	1
46605.668	0	2457.668	0	0	0	0	0	0	1
14184.333	0	599.33301	0	1	1	0	0	0	0
6856.3335	1	-3332.6665	1	0	0	0	0	0	0
18692.666	0	1711.666	0	0	1	1	0	0	0
19164.334	1	2183.334	0	0	1	1	0	0	0
29175.666	0	-1389.334	0	0	0	1	1	0	0
29175.666	1	-1389.334	0	0	0	1	1	0	0
34852.332	1	-2503.668	0	0	0	0	1	1	0
8937.667	1	-1251.333	1	0	0	0	0	0	0
9406	1	-783	1	0	0	0	0	0	0
40438	0	3082	0	0	0	0	0	1	1
26526.666	1	2753.666	0	0	0	1	1	0	0
28856	1	-1709	0	0	0	1	1	0	0
28856	0	-1709	0	0	0	1	1	0	0
20520.334	0	-3252.666	0	0	1	1	0	0	0
24145	0	372	0	0	0	1	1	0	0
13396.667	0	-188.33301	1	1	0	0	0	0	0
37523	1	167	0	0	0	0	0	1	1
18611.666	0	1630.666	0	0	1	1	0	0	0
20340.334	1	3359.334	0	0	1	1	0	0	0
17532.666	1	551.66602	0	0	1	1	0	0	0
16789.334	1	-191.66602	0	1	1	0	0	0	0
39423.668	1	2067.668	0	0	0	0	0	1	1
7800.6665	1	-2388.3335	1	0	0	0	0	0	0
36419.668	0	-936.33203	0	0	0	0	1	1	0
39594.332	1	2238.332	0	0	0	0	0	1	1
10599.667	0	410.66699	1	1	0	0	0	0	0
11146	1	957	1	1	0	0	0	0	0
20485.666	1	-3287.334	0	0	1	1	0	0	0
7129	0	-3060	1	0	0	0	0	0	0
15753	1	-1228	0	1	1	0	0	0	0
25386	0	1613	0	0	0	1	1	0	0
12670.667	0	-914.33301	1	1	0	0	0	0	0
15291	0	-1690	0	1	1	0	0	0	0
8016.6665	0	-2172.3335	1	0	0	0	0	0	0
19516.666	0	2535.666	0	0	1	1	0	0	0
8497.667	0	-1691.333	1	0	0	0	0	0	0
11209.667	1	1020.667	1	1	0	0	0	0	0
9566	1	-623	1	0	0	0	0	0	0
10822.333	1	633.33301	1	1	0	0	0	0	0
38194.668	0	838.66797	0	0	0	0	0	1	1
40398.668	0	3042.668	0	0	0	0	0	1	1
20991	0	-2782	0	0	1	1	0	0	0
22536	1	-1237	0	0	1	1	0	0	0
13281.667	1	-303.33301	1	1	0	0	0	0	0
19370	0	2389	0	0	1	1	0	0	0
8678	1	-1511	1	0	0	0	0	0	0
8858	1	-1331	1	0	0	0	0	0	0
18548.666	1	1567.666	0	0	1	1	0	0	0
7135.6665	1	-3053.3335	1	0	0	0	0	0	0
8368	0	-1821	1	0	0	0	0	0	0
10022.667	0	-166.33301	1	0	0	0	0	0	0
11865.333	0	1676.333	1	1	0	0	0	0	0
13269.667	1	-315.33301	1	1	0	0	0	0	0
11761.667	0	1572.667	1	1	0	0	0	0	0
16755	0	-226	0	1	1	0	0	0	0
16755	0	-226	0	1	1	0	0	0	0
12177.667	0	-1407.333	1	1	0	0	0	0	0
7244.3335	1	-2944.6665	1	0	0	0	0	0	0
12661.667	1	-923.33301	1	1	0	0	0	0	0
12924.333	1	-660.66699	1	1	0	0	0	0	0
13465.667	1	-119.33301	1	1	0	0	0	0	0
40275.668	0	2919.668	0	0	0	0	0	1	1
10488.333	1	299.33301	1	1	0	0	0	0	0
9336	0	-853	1	0	0	0	0	0	0
26301.666	0	2528.666	0	0	0	1	1	0	0
20180	0	3199	0	0	1	1	0	0	0
23978	1	205	0	0	0	1	1	0	0
25680	0	1907	0	0	0	1	1	0	0
28213.334	1	-2351.666	0	0	0	1	1	0	0
18888.334	0	1907.334	0	0	1	1	0	0	0
10271.333	0	82.333008	1	1	0	0	0	0	0
